CFE data is compiled for the convenience of site visitors and is furnished without responsibility for accuracy and is accepted by the site visitor on the condition that transmission or omissions shall not be made the basis for any claim demand or cause for action. The information and data was obtained from sources believed to be reliable but accuracy is not guaranteed. Your use of CFE data is subject to the Terms and Conditions of CBOE's Websites.
Trade Date,Futures,Open,High,Low,Close,Settle,Change,Total Volume,EFP,Open Interest
11/24/2014,Q (Aug 15),0.00,0.00,18.95,0.00,18.95,18.95,0,0,0
11/25/2014,Q (Aug 15),18.90,18.95,18.88,18.88,18.95,0.00,64,0,63
11/26/2014,Q (Aug 15),18.85,18.91,18.85,18.91,18.90,-0.05,23,0,86
11/28/2014,Q (Aug 15),18.95,18.95,18.87,18.91,18.60,-0.30,8,0,91
12/01/2014,Q (Aug 15),19.00,19.27,19.00,19.27,19.30,0.70,128,0,196
12/02/2014,Q (Aug 15),19.35,19.35,18.65,18.96,18.60,-0.70,85,0,278
12/03/2014,Q (Aug 15),18.64,18.70,18.55,18.65,18.70,0.10,19,0,284
12/04/2014,Q (Aug 15),18.75,18.86,18.60,18.65,18.55,-0.15,655,0,824
12/05/2014,Q (Aug 15),18.55,18.60,18.40,18.54,18.55,0.00,67,0,873
12/08/2014,Q (Aug 15),18.70,18.98,18.60,18.92,19.00,0.45,119,0,906
12/09/2014,Q (Aug 15),19.20,19.33,18.84,18.88,18.95,-0.05,49,0,939
12/10/2014,Q (Aug 15),19.08,19.71,19.00,19.71,19.75,0.80,86,0,1001
12/11/2014,Q (Aug 15),19.50,20.42,19.20,20.42,20.45,0.70,146,0,1114
12/12/2014,Q (Aug 15),20.07,20.70,20.07,20.70,20.50,0.05,488,0,1497
12/15/2014,Q (Aug 15),20.44,20.55,19.79,20.40,20.45,-0.05,863,0,2303
12/16/2014,Q (Aug 15),20.30,20.95,19.80,20.90,20.95,0.50,270,0,2220
12/17/2014,Q (Aug 15),20.70,20.90,19.48,19.54,19.65,-1.30,577,0,2590
12/18/2014,Q (Aug 15),19.53,19.72,19.15,19.19,19.15,-0.50,636,0,2479
12/19/2014,Q (Aug 15),19.10,19.20,18.82,18.82,18.85,-0.30,377,0,2674
12/22/2014,Q (Aug 15),18.90,18.95,18.65,18.80,18.8000,-0.05,138,0,2653
12/23/2014,Q (Aug 15),18.73,19.00,18.66,19.00,18.9000,0.10,122,0,2674
12/24/2014,Q (Aug 15),18.85,19.05,18.82,19.05,19.0500,0.15,76,0,2693
12/26/2014,Q (Aug 15),18.90,19.10,18.83,18.83,18.8500,-0.20,144,0,2690
12/29/2014,Q (Aug 15),19.00,19.05,18.85,18.96,18.8750,0.02,57,0,2691
12/30/2014,Q (Aug 15),19.00,19.25,18.90,19.05,19.0250,0.15,41,0,2693
12/31/2014,Q (Aug 15),19.00,19.80,18.95,19.65,19.6250,0.60,237,0,2738
01/02/2015,Q (Aug 15),19.40,20.05,19.31,19.75,19.7750,0.15,439,0,2961
01/05/2015,Q (Aug 15),19.70,20.50,19.70,20.35,20.3250,0.55,743,0,3097
01/06/2015,Q (Aug 15),20.33,20.75,20.11,20.55,20.5000,0.18,856,0,3387
01/07/2015,Q (Aug 15),20.25,20.40,19.80,19.95,19.9250,-0.58,325,0,3436
01/08/2015,Q (Aug 15),19.90,19.95,19.25,19.25,19.3000,-0.62,253,0,3459
01/09/2015,Q (Aug 15),19.25,19.90,19.24,19.90,19.8500,0.55,537,0,3695
01/12/2015,Q (Aug 15),19.75,20.25,19.65,20.10,20.0750,0.22,958,0,4107
01/13/2015,Q (Aug 15),19.95,20.45,19.68,20.25,20.2500,0.18,754,0,4461
01/14/2015,Q (Aug 15),20.20,20.60,20.10,20.34,20.2000,-0.05,1853,0,5302
01/15/2015,Q (Aug 15),20.15,20.60,19.97,20.50,20.5250,0.32,1471,0,6125
01/16/2015,Q (Aug 15),20.55,20.85,20.25,20.45,20.4250,-0.10,1104,0,6442
01/20/2015,Q (Aug 15),20.51,20.75,20.08,20.52,20.4500,0.02,990,0,6499
01/21/2015,Q (Aug 15),20.50,20.70,19.86,19.87,19.8750,-0.58,1625,0,6761
01/22/2015,Q (Aug 15),20.00,20.10,19.40,19.45,19.4250,-0.45,2902,0,7581
01/23/2015,Q (Aug 15),19.41,19.80,19.37,19.75,19.7750,0.35,1169,4,7651
01/26/2015,Q (Aug 15),20.00,20.12,19.32,19.40,19.3750,-0.40,2006,0,8058
01/27/2015,Q (Aug 15),19.30,19.90,19.25,19.60,19.5750,0.20,3003,0,7715
01/28/2015,Q (Aug 15),19.46,20.91,19.35,20.91,20.9250,1.35,2139,0,8216
01/29/2015,Q (Aug 15),20.85,20.85,19.90,20.00,19.9750,-0.95,2691,0,8753
01/30/2015,Q (Aug 15),19.95,20.95,19.89,20.70,20.7250,0.75,2237,0,9242
02/02/2015,Q (Aug 15),20.55,21.00,20.20,20.33,20.3250,-0.40,2571,0,9770
02/03/2015,Q (Aug 15),20.32,20.50,20.03,20.10,20.0750,-0.25,1606,0,10532
02/04/2015,Q (Aug 15),20.10,20.60,19.97,20.60,20.5750,0.50,1564,0,10781
02/05/2015,Q (Aug 15),20.60,20.65,19.98,20.15,20.1250,-0.45,1115,0,11103
02/06/2015,Q (Aug 15),20.12,20.70,19.80,20.30,20.3250,0.20,4076,0,11546
02/09/2015,Q (Aug 15),20.60,20.78,20.45,20.65,20.6250,0.30,1620,0,11737
02/10/2015,Q (Aug 15),20.64,20.64,20.20,20.25,20.2250,-0.40,2980,0,12475
02/11/2015,Q (Aug 15),20.20,20.50,20.15,20.15,20.1750,-0.05,2340,0,13247
02/12/2015,Q (Aug 15),20.15,20.29,19.65,19.85,19.8250,-0.35,3236,0,14420
02/13/2015,Q (Aug 15),19.75,19.88,19.50,19.60,19.6250,-0.20,3014,0,14583
02/17/2015,Q (Aug 15),19.65,19.90,19.47,19.75,19.7750,0.15,2739,0,14902
02/18/2015,Q (Aug 15),19.80,19.84,19.57,19.74,19.7250,-0.05,3666,0,15543
02/19/2015,Q (Aug 15),19.70,19.87,19.63,19.77,19.7750,0.05,2526,0,15808
02/20/2015,Q (Aug 15),19.85,19.95,19.26,19.35,19.3750,-0.40,4072,0,16449
02/23/2015,Q (Aug 15),19.40,19.60,19.35,19.44,19.4250,0.05,1770,0,16481
02/24/2015,Q (Aug 15),19.48,19.52,18.85,18.90,18.8750,-0.55,4092,0,16503
02/25/2015,Q (Aug 15),18.85,19.05,18.55,19.00,19.0250,0.15,3742,0,16412
02/26/2015,Q (Aug 15),19.00,19.10,18.69,18.83,18.8250,-0.20,1777,0,16024
02/27/2015,Q (Aug 15),18.80,18.85,18.55,18.70,18.7250,-0.10,2703,0,15869
03/02/2015,Q (Aug 15),18.65,18.75,18.35,18.38,18.3750,-0.35,3131,0,16294
03/03/2015,Q (Aug 15),18.40,18.75,18.25,18.50,18.5250,0.15,2742,0,16072
03/04/2015,Q (Aug 15),18.50,18.81,18.45,18.48,18.4750,-0.05,3033,0,16619
03/05/2015,Q (Aug 15),18.49,18.57,18.27,18.31,18.3250,-0.15,1727,0,16783
03/06/2015,Q (Aug 15),18.25,18.79,18.20,18.60,18.5750,0.25,5074,109,16017
03/09/2015,Q (Aug 15),18.55,18.60,18.38,18.55,18.5750,0.00,3159,0,16152
03/10/2015,Q (Aug 15),18.59,19.14,18.59,19.05,19.0750,0.50,4862,0,16454
03/11/2015,Q (Aug 15),19.10,19.32,18.85,19.30,19.3250,0.25,3371,250,16474
03/12/2015,Q (Aug 15),19.25,19.25,18.64,18.70,18.7250,-0.60,1997,0,16516
03/13/2015,Q (Aug 15),18.71,19.22,18.64,18.95,18.9750,0.25,4114,0,16516
03/16/2015,Q (Aug 15),18.99,19.05,18.51,18.70,18.7250,-0.25,2391,0,16554
03/17/2015,Q (Aug 15),18.60,18.95,18.60,18.65,18.6750,-0.05,4193,0,17742
03/18/2015,Q (Aug 15),18.72,19.00,18.30,18.40,18.4250,-0.25,8790,0,18320
03/19/2015,Q (Aug 15),18.45,18.80,18.35,18.60,18.6250,0.20,3676,0,18570
03/20/2015,Q (Aug 15),18.60,18.75,18.25,18.60,18.5750,-0.05,7897,0,18807
03/23/2015,Q (Aug 15),18.50,18.70,18.35,18.55,18.5750,0.00,3874,0,19035
03/24/2015,Q (Aug 15),18.55,18.65,18.35,18.60,18.5750,0.00,3851,0,19296
03/25/2015,Q (Aug 15),18.59,19.05,18.55,18.95,18.9250,0.35,5060,0,19022
03/26/2015,Q (Aug 15),18.88,19.40,18.73,18.80,18.7750,-0.15,7704,0,19072
03/27/2015,Q (Aug 15),18.80,18.92,18.65,18.76,18.7750,0.00,4199,209,19231
03/30/2015,Q (Aug 15),18.75,18.80,18.45,18.67,18.6750,-0.10,6425,54,19827
03/31/2015,Q (Aug 15),18.66,18.95,18.60,18.85,18.8750,0.20,5177,0,19894
04/01/2015,Q (Aug 15),18.85,19.26,18.80,18.91,18.9250,0.05,5874,0,19622
