CFE data is compiled for the convenience of site visitors and is furnished without responsibility for accuracy and is accepted by the site visitor on the condition that transmission or omissions shall not be made the basis for any claim demand or cause for action. The information and data was obtained from sources believed to be reliable but accuracy is not guaranteed. Your use of CFE data is subject to the Terms and Conditions of CBOE's Websites.
Trade Date,Futures,Open,High,Low,Close,Settle,Change,Total Volume,EFP,Open Interest
08/25/2014,K (May 15),0.00,17.00,19.50,0.00,18.25,18.25,0,0,0
08/26/2014,K (May 15),17.47,17.70,17.47,17.70,17.75,-0.50,11,0,9
08/27/2014,K (May 15),17.75,17.90,17.70,17.90,17.90,0.15,203,0,248
08/28/2014,K (May 15),17.95,18.16,17.78,17.89,17.90,0.00,255,0,405
08/29/2014,K (May 15),17.80,17.97,17.75,17.82,17.55,-0.35,83,0,436
09/02/2014,K (May 15),17.91,17.94,17.20,17.88,17.85,0.30,170,0,455
09/03/2014,K (May 15),17.80,17.85,17.75,17.77,17.80,-0.05,148,0,545
09/04/2014,K (May 15),17.78,17.85,17.64,17.80,17.75,-0.05,69,0,607
09/05/2014,K (May 15),17.75,17.85,17.55,17.57,17.55,-0.20,305,0,944
09/08/2014,K (May 15),17.70,17.70,17.60,17.65,17.60,0.05,13,0,896
09/09/2014,K (May 15),17.62,17.75,17.58,17.70,17.70,0.10,207,0,997
09/10/2014,K (May 15),17.60,17.86,17.60,17.60,17.65,-0.05,330,0,1240
09/11/2014,K (May 15),17.68,17.85,17.68,17.68,17.75,0.10,17,0,1246
09/12/2014,K (May 15),17.70,17.95,17.70,17.87,17.90,0.15,29,0,1262
09/15/2014,K (May 15),17.86,18.10,17.82,18.02,18.10,0.20,132,0,1310
09/16/2014,K (May 15),18.10,18.20,17.65,17.73,17.70,-0.40,198,0,1381
09/17/2014,K (May 15),17.65,17.81,17.55,17.75,17.75,0.05,218,0,1550
09/18/2014,K (May 15),17.70,17.77,17.65,17.71,17.75,0.00,838,0,2393
09/19/2014,K (May 15),17.72,17.85,17.63,17.82,17.80,0.05,942,0,3181
09/22/2014,K (May 15),17.82,17.96,17.75,17.92,17.95,0.15,939,0,3390
09/23/2014,K (May 15),17.98,18.25,17.90,18.25,18.25,0.30,1329,0,4040
09/24/2014,K (May 15),18.14,18.25,17.95,18.05,18.10,-0.15,597,0,4043
09/25/2014,K (May 15),18.05,18.47,18.02,18.30,18.35,0.25,2010,0,4855
09/26/2014,K (May 15),18.33,18.43,18.10,18.24,18.30,-0.05,677,0,5051
09/29/2014,K (May 15),18.28,18.70,18.28,18.70,18.70,0.40,2028,0,5689
09/30/2014,K (May 15),18.75,18.83,18.49,18.79,18.80,0.10,559,0,5728
10/01/2014,K (May 15),18.85,19.19,18.60,19.15,19.15,0.35,1436,0,6306
10/02/2014,K (May 15),18.20,19.27,18.20,19.00,19.05,-0.10,1366,0,6470
10/03/2014,K (May 15),19.01,19.05,18.31,18.31,18.35,-0.70,956,0,6577
10/06/2014,K (May 15),18.15,18.62,18.14,18.60,18.60,0.25,469,0,6673
10/07/2014,K (May 15),18.73,19.15,18.64,19.15,19.20,0.60,1897,0,7480
10/08/2014,K (May 15),19.21,19.21,18.25,18.30,18.25,-0.95,1364,0,7757
10/09/2014,K (May 15),18.25,19.00,18.20,18.93,18.95,0.70,1517,0,8037
10/10/2014,K (May 15),18.98,19.90,18.75,19.86,19.85,0.90,2710,0,9123
10/13/2014,K (May 15),19.95,20.72,19.44,20.68,20.70,0.85,2714,0,9971
10/14/2014,K (May 15),20.84,20.84,19.70,20.06,20.05,-0.65,2940,0,9889
10/15/2014,K (May 15),20.30,21.43,19.85,21.20,21.20,1.15,3564,0,10852
10/16/2014,K (May 15),21.00,21.90,20.42,20.55,20.65,-0.55,2678,0,10752
10/17/2014,K (May 15),20.50,20.60,19.60,20.00,20.00,-0.65,775,0,10849
10/20/2014,K (May 15),19.75,20.16,19.70,19.70,19.70,-0.30,1114,0,11173
10/21/2014,K (May 15),19.65,19.95,19.02,19.05,19.05,-0.65,2321,0,11593
10/22/2014,K (May 15),19.05,19.71,18.95,19.50,19.50,0.45,3034,0,11888
10/23/2014,K (May 15),19.46,19.51,18.94,19.10,19.05,-0.45,1650,0,11956
10/24/2014,K (May 15),19.05,19.56,18.83,18.90,18.90,-0.15,2671,0,12045
10/27/2014,K (May 15),18.85,19.35,18.60,18.70,18.70,-0.20,2416,0,11922
10/28/2014,K (May 15),18.70,18.71,18.05,18.10,18.10,-0.60,2485,0,11816
10/29/2014,K (May 15),18.05,18.55,18.05,18.35,18.35,0.25,2190,0,11816
10/30/2014,K (May 15),18.35,18.60,18.10,18.40,18.45,0.10,2350,0,11549
10/31/2014,K (May 15),18.40,18.45,17.88,18.41,18.45,0.00,3212,17,12039
11/03/2014,K (May 15),18.41,18.68,18.25,18.55,18.55,0.10,2380,0,12124
11/04/2014,K (May 15),18.50,18.92,18.45,18.60,18.60,0.05,1728,0,12238
11/05/2014,K (May 15),18.55,18.63,18.35,18.40,18.40,-0.20,1124,0,12355
11/06/2014,K (May 15),18.40,18.58,18.07,18.10,18.10,-0.30,2737,0,12623
11/07/2014,K (May 15),18.08,18.30,18.03,18.20,18.15,0.05,2668,0,13280
11/10/2014,K (May 15),18.10,18.21,17.73,17.75,17.75,-0.40,2320,0,13528
11/11/2014,K (May 15),17.70,17.90,17.59,17.62,17.65,-0.10,1902,0,13901
11/12/2014,K (May 15),17.60,17.90,17.60,17.85,17.85,0.20,1352,0,14118
11/13/2014,K (May 15),17.80,18.40,17.70,18.15,18.20,0.35,3522,0,14925
11/14/2014,K (May 15),18.15,18.15,17.85,17.90,17.90,-0.30,2923,0,15378
11/17/2014,K (May 15),18.06,18.15,17.79,17.95,17.95,0.05,2119,0,15670
11/18/2014,K (May 15),17.90,18.00,17.65,18.00,18.00,0.05,3737,0,16190
11/19/2014,K (May 15),17.97,18.20,17.87,18.15,18.20,0.20,2199,0,16475
11/20/2014,K (May 15),18.15,18.36,18.05,18.06,18.05,-0.15,3065,0,16482
11/21/2014,K (May 15),18.05,18.15,17.80,18.05,18.05,0.00,4824,0,16654
11/24/2014,K (May 15),18.03,18.10,17.89,18.00,18.05,0.00,3694,57,17146
11/25/2014,K (May 15),18.04,18.25,17.92,18.15,18.15,0.10,3545,0,17478
11/26/2014,K (May 15),18.15,18.23,18.00,18.05,18.05,-0.10,3156,0,17490
11/28/2014,K (May 15),18.03,18.20,17.92,18.10,18.10,0.05,2154,0,17570
12/01/2014,K (May 15),18.20,18.54,18.14,18.50,18.55,0.45,4090,116,17661
12/02/2014,K (May 15),18.53,18.53,17.80,17.80,17.85,-0.70,6306,0,17882
12/03/2014,K (May 15),17.85,17.93,17.67,17.90,17.90,0.05,2893,0,17758
12/04/2014,K (May 15),17.87,18.11,17.74,17.75,17.75,-0.15,1908,57,17779
12/05/2014,K (May 15),17.75,17.85,17.57,17.72,17.75,0.00,2201,0,18022
12/08/2014,K (May 15),17.74,18.20,17.70,18.20,18.20,0.45,3094,0,17740
12/09/2014,K (May 15),18.17,18.60,18.00,18.15,18.15,-0.05,5166,0,17510
12/10/2014,K (May 15),18.12,19.01,18.08,19.00,19.00,0.85,4943,0,17430
12/11/2014,K (May 15),18.90,19.85,18.32,19.80,19.85,0.85,8228,0,17869
12/12/2014,K (May 15),19.80,20.30,19.45,19.95,20.00,0.15,9374,69,17913
12/15/2014,K (May 15),20.10,20.20,19.31,19.87,19.90,-0.10,11522,84,16950
12/16/2014,K (May 15),19.85,20.48,19.14,20.35,20.40,0.50,9923,0,17651
12/17/2014,K (May 15),20.45,20.47,18.80,19.00,19.00,-1.40,11406,0,17813
12/18/2014,K (May 15),18.95,18.95,18.35,18.40,18.40,-0.60,10267,0,18190
12/19/2014,K (May 15),18.40,18.54,18.10,18.17,18.15,-0.25,9747,0,18617
12/22/2014,K (May 15),18.16,18.25,17.85,18.00,18.0250,-0.12,4327,0,18420
12/23/2014,K (May 15),17.99,18.30,17.83,18.05,18.0750,0.05,4654,0,19216
12/24/2014,K (May 15),18.05,18.30,17.98,18.22,18.2250,0.15,3093,0,19643
12/26/2014,K (May 15),18.19,18.25,17.90,18.00,17.9750,-0.25,2467,0,19604
12/29/2014,K (May 15),18.00,18.25,17.95,18.02,18.0250,0.05,4147,0,18976
12/30/2014,K (May 15),17.95,18.45,17.95,18.15,18.1750,0.15,3899,0,18663
12/31/2014,K (May 15),18.15,19.14,18.00,18.85,18.8750,0.70,4904,0,18472
01/02/2015,K (May 15),18.65,19.41,18.54,19.05,19.0750,0.20,8093,0,18139
01/05/2015,K (May 15),19.10,19.94,18.99,19.76,19.7750,0.70,9880,0,17569
01/06/2015,K (May 15),19.76,20.33,19.53,19.90,19.9500,0.18,9752,0,17791
01/07/2015,K (May 15),19.93,19.93,19.23,19.33,19.3250,-0.62,5907,0,17471
01/08/2015,K (May 15),19.33,19.33,18.45,18.50,18.5250,-0.80,5320,83,17241
01/09/2015,K (May 15),18.55,19.26,18.40,19.25,19.2750,0.75,7825,0,17583
01/12/2015,K (May 15),19.23,19.88,18.95,19.60,19.6250,0.35,7444,0,17747
01/13/2015,K (May 15),19.60,20.10,19.15,19.80,19.8250,0.20,10021,0,17811
01/14/2015,K (May 15),19.81,20.36,19.75,19.80,19.8250,0.00,12695,0,18145
01/15/2015,K (May 15),19.77,20.35,19.50,20.33,20.3250,0.50,6967,0,18879
01/16/2015,K (May 15),20.30,20.75,19.96,20.20,20.1750,-0.15,10355,0,19354
01/20/2015,K (May 15),20.25,20.60,19.73,20.20,20.2250,0.05,11600,0,19683
01/21/2015,K (May 15),20.16,20.54,19.46,19.50,19.4750,-0.75,12671,0,19974
01/22/2015,K (May 15),19.50,19.73,18.80,18.80,18.8250,-0.65,12797,0,19794
01/23/2015,K (May 15),18.85,19.22,18.67,19.10,19.1250,0.30,9346,23,19570
01/26/2015,K (May 15),19.40,19.58,18.50,18.50,18.5250,-0.60,10591,0,17774
01/27/2015,K (May 15),18.55,19.32,18.49,18.85,18.8250,0.30,11722,0,17165
01/28/2015,K (May 15),18.85,20.45,18.63,20.40,20.4250,1.60,10990,0,17269
01/29/2015,K (May 15),20.35,20.41,19.34,19.35,19.3750,-1.05,12151,0,17723
01/30/2015,K (May 15),19.40,20.65,19.32,20.35,20.3250,0.95,16136,0,19074
02/02/2015,K (May 15),20.45,20.79,19.80,19.85,19.8750,-0.45,16198,0,18807
02/03/2015,K (May 15),19.93,20.13,19.55,19.55,19.5750,-0.30,11980,0,18404
02/04/2015,K (May 15),19.58,20.17,19.47,20.15,20.1250,0.55,11117,0,18304
02/05/2015,K (May 15),20.19,20.30,19.52,19.63,19.6500,-0.48,8312,0,18717
02/06/2015,K (May 15),19.61,20.43,19.28,19.85,19.9000,0.25,14559,0,20035
02/09/2015,K (May 15),20.10,20.53,19.98,20.30,20.2750,0.38,9248,0,21089
02/10/2015,K (May 15),20.30,20.40,19.75,19.75,19.7750,-0.50,6973,0,20600
02/11/2015,K (May 15),19.70,20.14,19.68,19.70,19.6750,-0.10,7692,0,20949
02/12/2015,K (May 15),19.70,19.90,19.00,19.15,19.1000,-0.58,12323,0,20788
02/13/2015,K (May 15),19.10,19.22,18.75,18.85,18.8750,-0.22,11708,0,20119
02/17/2015,K (May 15),18.89,19.19,18.75,19.05,19.0750,0.20,12729,0,22899
02/18/2015,K (May 15),19.10,19.20,18.86,19.00,18.9750,-0.10,11530,0,21180
02/19/2015,K (May 15),19.00,19.22,18.85,18.90,18.9250,-0.05,9499,0,21161
02/20/2015,K (May 15),18.95,19.24,18.35,18.40,18.4250,-0.50,13063,0,22105
02/23/2015,K (May 15),18.52,18.66,18.39,18.52,18.5250,0.10,7812,0,20293
02/24/2015,K (May 15),18.55,18.60,17.85,17.89,17.8750,-0.65,13697,0,21326
02/25/2015,K (May 15),17.85,18.20,17.50,18.15,18.1250,0.25,21195,0,22326
02/26/2015,K (May 15),18.10,18.29,17.75,17.90,17.9250,-0.20,12847,0,23840
02/27/2015,K (May 15),17.85,18.02,17.70,17.80,17.8250,-0.10,12564,0,25241
03/02/2015,K (May 15),17.75,17.92,17.40,17.42,17.4250,-0.40,14183,0,26347
03/03/2015,K (May 15),17.44,17.93,17.42,17.70,17.7250,0.30,12648,0,27167
03/04/2015,K (May 15),17.67,18.10,17.60,17.70,17.6750,-0.05,16568,0,29091
03/05/2015,K (May 15),17.70,17.80,17.45,17.50,17.4750,-0.20,13890,0,29909
03/06/2015,K (May 15),17.45,18.15,17.40,18.00,18.0250,0.55,18079,0,31405
03/09/2015,K (May 15),17.98,18.03,17.75,17.90,17.8750,-0.15,15166,0,33579
03/10/2015,K (May 15),17.90,18.60,17.85,18.55,18.5500,0.68,20925,0,35485
03/11/2015,K (May 15),18.55,18.82,18.19,18.80,18.7750,0.22,17777,0,37296
03/12/2015,K (May 15),18.75,18.75,17.90,17.95,17.9250,-0.85,14496,0,40478
03/13/2015,K (May 15),17.95,18.70,17.82,18.25,18.2750,0.35,20389,0,40390
03/16/2015,K (May 15),18.25,18.35,17.70,18.00,18.0250,-0.25,18265,0,45439
03/17/2015,K (May 15),17.98,18.30,17.88,17.95,17.9250,-0.10,17757,0,46883
03/18/2015,K (May 15),17.94,18.25,17.28,17.50,17.4750,-0.45,48459,0,51793
03/19/2015,K (May 15),17.50,17.95,17.40,17.65,17.6750,0.20,42418,0,56851
03/20/2015,K (May 15),17.66,18.05,16.65,17.65,17.6250,-0.05,64613,82,63512
03/23/2015,K (May 15),17.60,17.75,17.35,17.65,17.6250,0.00,30142,233,68487
03/24/2015,K (May 15),17.60,17.62,17.20,17.55,17.5750,-0.05,46502,0,75319
03/25/2015,K (May 15),17.53,18.23,17.35,18.07,18.0750,0.50,54292,0,82821
03/26/2015,K (May 15),18.10,18.70,17.78,17.82,17.8250,-0.25,59991,482,86172
03/27/2015,K (May 15),17.85,18.05,17.65,17.70,17.7250,-0.10,36556,0,90752
03/30/2015,K (May 15),17.70,17.83,17.30,17.35,17.3750,-0.35,42515,0,97637
03/31/2015,K (May 15),17.35,17.85,17.32,17.85,17.8250,0.45,43989,0,104363
04/01/2015,K (May 15),17.79,18.40,17.65,17.65,17.6750,-0.15,55092,0,107931
