CFE data is compiled for the convenience of site visitors and is furnished without responsibility for accuracy and is accepted by the site visitor on the condition that transmission or omissions shall not be made the basis for any claim demand or cause for action. The information and data was obtained from sources believed to be reliable but accuracy is not guaranteed. Your use of CFE data is subject to the Terms and Conditions of CBOE's Websites.
Trade Date,Futures,Open,High,Low,Close,Settle,Change,Total Volume,EFP,Open Interest
07/01/2013,H (Mar 14),22.40,22.40,22.10,22.40,21.95,21.95,2,0,2
07/02/2013,H (Mar 14),22.00,22.30,22.00,22.30,22.30,0.35,26,0,21
07/03/2013,H (Mar 14),22.27,22.40,22.18,22.25,22.20,-0.10,25,0,33
07/05/2013,H (Mar 14),22.00,22.15,21.78,21.82,21.85,-0.35,39,0,68
07/08/2013,H (Mar 14),21.65,21.70,21.30,21.40,21.35,-0.50,11,0,73
07/09/2013,H (Mar 14),21.15,21.15,20.95,21.13,21.15,-0.20,177,0,194
07/10/2013,H (Mar 14),21.05,21.05,20.85,20.87,20.90,-0.25,8,0,192
07/11/2013,H (Mar 14),20.70,20.79,20.40,20.63,20.70,-0.20,72,0,222
07/12/2013,H (Mar 14),20.70,20.80,20.55,20.75,20.80,0.10,66,0,185
07/15/2013,H (Mar 14),20.65,20.65,20.35,20.48,20.50,-0.30,17,0,190
07/16/2013,H (Mar 14),20.40,20.85,20.38,20.82,20.85,0.35,93,0,170
07/17/2013,H (Mar 14),20.70,20.71,20.50,20.50,20.50,-0.35,67,0,188
07/18/2013,H (Mar 14),20.45,20.55,20.25,20.48,20.50,0.00,109,0,234
07/19/2013,H (Mar 14),20.50,20.55,20.40,20.40,20.40,-0.10,251,0,378
07/22/2013,H (Mar 14),20.65,20.65,20.15,20.24,20.25,-0.15,412,0,791
07/23/2013,H (Mar 14),20.20,20.30,20.04,20.06,20.10,-0.15,159,0,631
07/24/2013,H (Mar 14),20.05,20.25,20.00,20.03,20.05,-0.05,366,0,725
07/25/2013,H (Mar 14),20.10,20.25,19.85,19.85,19.90,-0.15,866,0,1112
07/26/2013,H (Mar 14),19.95,20.11,19.78,19.78,19.80,-0.10,187,0,1155
07/29/2013,H (Mar 14),19.90,19.97,19.80,19.80,19.80,0.00,224,0,1204
07/30/2013,H (Mar 14),19.70,19.83,19.57,19.60,19.65,-0.15,379,0,1339
07/31/2013,H (Mar 14),19.60,19.61,19.25,19.25,19.30,-0.35,377,0,1335
08/01/2013,H (Mar 14),19.10,19.16,18.98,19.05,19.05,-0.25,342,0,1473
08/02/2013,H (Mar 14),19.05,19.10,18.85,18.85,18.90,-0.15,288,0,1532
08/05/2013,H (Mar 14),18.90,18.90,18.60,18.63,18.65,-0.25,1085,0,2244
08/06/2013,H (Mar 14),18.70,19.00,18.62,18.95,18.95,0.30,678,0,2267
08/07/2013,H (Mar 14),19.02,19.12,18.90,18.90,18.95,0.00,327,0,2401
08/08/2013,H (Mar 14),18.75,18.90,18.64,18.80,18.80,-0.15,183,0,2483
08/09/2013,H (Mar 14),18.80,18.99,18.70,18.99,19.00,0.20,241,0,2551
08/12/2013,H (Mar 14),19.05,19.15,18.88,19.00,18.95,-0.05,367,0,2619
08/13/2013,H (Mar 14),18.87,19.17,18.85,19.17,19.15,0.20,1597,0,3339
08/14/2013,H (Mar 14),19.13,19.35,19.02,19.35,19.35,0.20,1032,0,3720
08/15/2013,H (Mar 14),19.51,19.80,19.38,19.75,19.75,0.40,914,0,3990
08/16/2013,H (Mar 14),19.65,19.72,19.25,19.63,19.65,-0.10,938,0,4066
08/19/2013,H (Mar 14),19.62,19.85,19.55,19.85,19.85,0.20,420,0,4090
08/20/2013,H (Mar 14),19.80,19.85,19.10,19.55,19.55,-0.30,782,0,4339
08/21/2013,H (Mar 14),19.60,19.85,19.05,19.57,19.60,0.05,2185,0,5044
08/22/2013,H (Mar 14),19.42,19.45,18.95,19.07,19.10,-0.50,1751,0,5584
08/23/2013,H (Mar 14),19.00,19.10,18.88,19.02,19.05,-0.05,1371,0,5982
08/26/2013,H (Mar 14),18.96,19.43,18.70,19.34,19.35,0.30,1804,0,6244
08/27/2013,H (Mar 14),19.40,20.15,19.40,20.15,20.15,0.80,3241,19,6504
08/28/2013,H (Mar 14),20.10,20.28,19.70,20.23,20.25,0.10,2574,0,6643
08/29/2013,H (Mar 14),20.00,20.35,19.86,20.33,20.35,0.10,1738,0,6350
08/30/2013,H (Mar 14),20.22,20.60,20.15,20.43,20.45,0.10,2848,0,6778
09/03/2013,H (Mar 14),20.20,20.20,19.69,19.97,20.00,-0.45,2764,20,7073
09/04/2013,H (Mar 14),19.95,20.07,19.79,19.87,19.90,-0.10,3602,0,7949
09/05/2013,H (Mar 14),19.80,20.00,19.76,19.88,19.90,0.00,1669,0,8399
09/06/2013,H (Mar 14),19.75,20.33,19.60,19.97,20.00,0.10,2809,0,8782
09/09/2013,H (Mar 14),19.91,19.92,19.45,19.47,19.50,-0.50,2351,83,9595
09/10/2013,H (Mar 14),19.30,19.30,19.10,19.19,19.20,-0.30,2248,87,10071
09/11/2013,H (Mar 14),19.20,19.20,18.81,18.92,18.95,-0.25,2676,0,10836
09/12/2013,H (Mar 14),18.82,19.15,18.70,18.98,19.00,0.05,2146,70,11027
09/13/2013,H (Mar 14),18.95,19.12,18.74,18.95,19.00,0.00,2264,37,11552
09/16/2013,H (Mar 14),18.65,18.85,18.50,18.77,18.80,-0.20,2604,0,12198
09/17/2013,H (Mar 14),18.70,18.70,18.45,18.63,18.65,-0.15,2925,42,13201
09/18/2013,H (Mar 14),18.55,18.75,18.18,18.22,18.25,-0.40,2883,21,13523
09/19/2013,H (Mar 14),18.15,18.49,18.05,18.25,18.25,0.00,5136,41,12499
09/20/2013,H (Mar 14),18.28,18.81,18.28,18.79,18.80,0.55,6730,41,12614
09/23/2013,H (Mar 14),18.80,19.00,18.63,18.92,18.95,0.15,4737,0,13818
09/24/2013,H (Mar 14),18.94,18.95,18.65,18.82,18.85,-0.10,4562,41,14855
09/25/2013,H (Mar 14),18.90,19.00,18.70,18.86,18.90,0.05,4733,0,15880
09/26/2013,H (Mar 14),18.85,18.85,18.60,18.62,18.65,-0.25,3841,31,17030
09/27/2013,H (Mar 14),18.74,18.90,18.64,18.78,18.80,0.15,3811,0,17247
09/30/2013,H (Mar 14),19.10,19.25,18.85,19.09,19.10,0.30,4740,0,17211
10/01/2013,H (Mar 14),19.00,19.05,18.68,18.79,18.80,-0.30,5768,0,17998
10/02/2013,H (Mar 14),18.95,19.10,18.80,19.03,19.05,0.25,4333,0,17789
10/03/2013,H (Mar 14),19.03,19.47,18.95,19.20,19.25,0.20,7703,141,17928
10/04/2013,H (Mar 14),19.15,19.43,18.95,19.07,19.10,-0.15,6018,0,18352
10/07/2013,H (Mar 14),19.35,19.65,19.20,19.52,19.55,0.45,6561,51,18604
10/08/2013,H (Mar 14),19.50,20.25,19.47,20.24,20.25,0.70,8317,0,20922
10/09/2013,H (Mar 14),20.10,20.40,19.71,20.08,20.10,-0.15,7908,0,21076
10/10/2013,H (Mar 14),20.00,20.00,19.00,19.11,19.15,-0.95,8894,0,22500
10/11/2013,H (Mar 14),19.17,19.19,18.45,18.65,18.65,-0.50,7651,349,21531
10/14/2013,H (Mar 14),18.94,19.22,18.53,18.63,18.65,0.00,7436,0,20392
10/15/2013,H (Mar 14),18.70,19.14,18.55,18.88,18.90,0.25,8477,51,20771
10/16/2013,H (Mar 14),18.80,18.83,18.15,18.45,18.50,-0.40,10756,51,21541
10/17/2013,H (Mar 14),18.50,18.58,17.85,17.88,17.90,-0.60,11287,41,20679
10/18/2013,H (Mar 14),17.90,18.10,17.55,17.75,17.75,-0.15,10015,0,20580
10/21/2013,H (Mar 14),17.60,17.85,17.39,17.72,17.75,0.00,7156,61,20927
10/22/2013,H (Mar 14),17.68,17.90,17.45,17.83,17.85,0.10,7417,81,20975
10/23/2013,H (Mar 14),18.10,18.25,17.93,17.97,18.00,0.15,6756,0,21378
10/24/2013,H (Mar 14),17.90,18.05,17.84,17.88,17.90,-0.10,5868,0,21168
10/25/2013,H (Mar 14),17.90,18.10,17.86,18.02,18.05,0.15,4498,30,21351
10/28/2013,H (Mar 14),18.00,18.25,17.98,18.10,18.15,0.10,7063,0,20954
10/29/2013,H (Mar 14),18.19,18.28,18.08,18.11,18.15,0.00,5131,40,21141
10/30/2013,H (Mar 14),18.15,18.38,18.00,18.16,18.20,0.05,7260,0,20984
10/31/2013,H (Mar 14),18.18,18.27,18.03,18.21,18.25,0.05,4358,0,21951
11/01/2013,H (Mar 14),18.24,18.40,18.10,18.32,18.35,0.10,3876,0,22219
11/04/2013,H (Mar 14),18.30,18.33,18.00,18.04,18.05,-0.30,4293,40,22075
11/05/2013,H (Mar 14),18.00,18.20,18.00,18.12,18.15,0.10,3465,0,22699
11/06/2013,H (Mar 14),18.15,18.17,17.87,17.94,17.95,-0.20,6652,30,23329
11/07/2013,H (Mar 14),17.94,18.34,17.78,18.22,18.25,0.30,6217,40,22904
11/08/2013,H (Mar 14),18.20,18.35,17.78,17.85,17.90,-0.35,5756,0,22837
11/11/2013,H (Mar 14),17.90,18.06,17.80,18.05,18.05,0.15,5464,0,23435
11/12/2013,H (Mar 14),18.00,18.15,17.95,18.07,18.10,0.05,5635,100,24693
11/13/2013,H (Mar 14),18.10,18.30,18.04,18.21,18.25,0.15,6693,60,26027
11/14/2013,H (Mar 14),18.20,18.28,18.08,18.21,18.25,0.00,5066,0,26224
11/15/2013,H (Mar 14),18.23,18.30,18.12,18.16,18.20,-0.05,10930,0,29741
11/18/2013,H (Mar 14),18.15,18.20,18.00,18.07,18.10,-0.10,4929,113,30279
11/19/2013,H (Mar 14),18.07,18.28,17.98,18.16,18.20,0.10,11798,64,30117
11/20/2013,H (Mar 14),18.15,18.30,17.80,17.86,17.90,-0.30,11471,0,30692
11/21/2013,H (Mar 14),17.80,17.86,17.40,17.41,17.45,-0.45,9252,18,32441
11/22/2013,H (Mar 14),17.45,17.60,17.15,17.21,17.25,-0.20,6045,0,32464
11/25/2013,H (Mar 14),17.22,17.31,17.00,17.06,17.10,-0.15,9110,0,33913
11/26/2013,H (Mar 14),17.08,17.18,16.85,17.05,17.10,0.00,12524,0,34248
11/27/2013,H (Mar 14),17.06,17.17,17.00,17.06,17.10,0.00,7261,13,32694
11/29/2013,H (Mar 14),17.08,17.15,17.00,17.11,17.15,0.05,3657,0,32641
12/02/2013,H (Mar 14),17.08,17.15,16.90,17.07,17.10,-0.05,11763,0,34051
12/03/2013,H (Mar 14),17.07,17.35,16.99,17.16,17.20,0.10,14631,31,34183
12/04/2013,H (Mar 14),17.17,17.45,17.05,17.11,17.15,-0.05,12541,0,34341
12/05/2013,H (Mar 14),17.10,17.15,16.93,17.11,17.15,0.00,11830,12,35403
12/06/2013,H (Mar 14),17.05,17.05,16.60,16.70,16.75,-0.40,10256,0,35733
12/09/2013,H (Mar 14),16.65,16.65,16.38,16.45,16.50,-0.25,8279,18,36679
12/10/2013,H (Mar 14),16.45,16.65,16.45,16.57,16.60,0.10,8137,0,37146
12/11/2013,H (Mar 14),16.55,17.12,16.43,17.08,17.10,0.50,14968,0,38069
12/12/2013,H (Mar 14),17.10,17.15,16.72,17.05,17.10,0.00,17154,13,40099
12/13/2013,H (Mar 14),17.12,17.25,16.87,17.16,17.20,0.10,11526,8,39575
12/16/2013,H (Mar 14),17.20,17.30,16.90,17.26,17.30,0.10,15857,2,40407
12/17/2013,H (Mar 14),17.23,17.35,16.95,17.01,17.05,-0.25,15500,2,40042
12/18/2013,H (Mar 14),17.07,17.09,16.15,16.32,16.35,-0.70,26708,0,39922
12/19/2013,H (Mar 14),16.35,16.50,16.20,16.46,16.50,0.15,17426,0,38936
12/20/2013,H (Mar 14),16.47,16.50,16.23,16.31,16.35,-0.15,15999,0,38984
12/23/2013,H (Mar 14),16.25,16.30,15.88,15.92,15.95,-0.40,9791,0,39763
12/24/2013,H (Mar 14),15.90,15.93,15.55,15.61,15.65,-0.30,9623,0,42293
12/26/2013,H (Mar 14),15.75,15.75,15.40,15.51,15.55,-0.10,12179,0,42105
12/27/2013,H (Mar 14),15.48,15.66,15.42,15.62,15.65,0.10,12692,0,40701
12/30/2013,H (Mar 14),15.65,15.85,15.53,15.76,15.80,0.15,11773,0,41697
12/31/2013,H (Mar 14),15.70,15.77,15.53,15.56,15.60,-0.20,18372,0,41817
01/02/2014,H (Mar 14),15.60,15.90,15.60,15.86,15.90,0.30,16756,0,44991
01/03/2014,H (Mar 14),15.90,15.90,15.60,15.76,15.80,-0.10,15141,0,47951
01/06/2014,H (Mar 14),15.65,15.70,15.35,15.50,15.55,-0.25,21744,0,49094
01/07/2014,H (Mar 14),15.52,15.53,15.20,15.26,15.30,-0.25,20269,0,51330
01/08/2014,H (Mar 14),15.26,15.35,15.15,15.21,15.25,-0.05,15320,0,54264
01/09/2014,H (Mar 14),15.25,15.40,15.14,15.31,15.35,0.10,22583,0,51332
01/10/2014,H (Mar 14),15.35,15.39,15.05,15.16,15.20,-0.15,20314,0,54442
01/13/2014,H (Mar 14),15.20,15.72,15.05,15.36,15.40,0.20,36431,0,57423
01/14/2014,H (Mar 14),15.40,15.43,15.05,15.11,15.15,-0.25,22379,0,61814
01/15/2014,H (Mar 14),15.12,15.39,15.05,15.11,15.15,0.00,26148,0,63457
01/16/2014,H (Mar 14),15.10,15.32,15.05,15.16,15.20,0.05,26017,0,67605
01/17/2014,H (Mar 14),15.25,15.35,15.05,15.26,15.30,0.10,22583,0,67589
01/21/2014,H (Mar 14),15.15,15.35,14.95,15.06,15.10,-0.20,27427,0,71410
01/22/2014,H (Mar 14),15.10,15.17,14.75,14.79,14.80,-0.30,29849,0,75565
01/23/2014,H (Mar 14),14.80,15.33,14.75,14.93,14.95,0.15,60677,0,82942
01/24/2014,H (Mar 14),14.93,16.25,14.90,16.20,16.20,1.25,86409,180,82282
01/27/2014,H (Mar 14),16.00,16.85,15.45,16.24,16.25,0.05,83768,406,78223
01/28/2014,H (Mar 14),16.20,16.37,15.40,15.53,15.55,-0.70,46874,601,80379
01/29/2014,H (Mar 14),15.54,16.55,15.20,16.43,16.45,0.90,82602,2027,80988
01/30/2014,H (Mar 14),16.40,16.60,15.72,16.58,16.60,0.15,63615,1892,87962
01/31/2014,H (Mar 14),16.45,17.65,16.43,17.32,17.35,0.75,85336,3154,95400
02/03/2014,H (Mar 14),17.32,18.60,17.05,18.59,18.60,1.25,92771,3006,102188
02/04/2014,H (Mar 14),18.55,18.57,17.75,18.33,18.35,-0.25,76137,0,104876
02/05/2014,H (Mar 14),18.30,19.02,18.15,18.70,18.75,0.40,86917,3013,114427
02/06/2014,H (Mar 14),18.75,18.80,16.93,16.98,17.00,-1.75,81431,1000,114059
02/07/2014,H (Mar 14),17.03,17.23,15.69,15.88,15.90,-1.10,90336,0,123633
02/10/2014,H (Mar 14),15.90,16.15,15.68,15.81,15.85,-0.05,67196,2166,127398
02/11/2014,H (Mar 14),15.75,15.83,15.25,15.26,15.30,-0.55,84939,6480,133987
02/12/2014,H (Mar 14),15.35,15.50,14.95,14.98,15.00,-0.30,80483,2600,138776
02/13/2014,H (Mar 14),15.05,15.55,14.90,14.95,14.95,-0.05,101020,1724,152197
02/14/2014,H (Mar 14),14.95,15.05,14.60,14.70,14.70,-0.25,84388,2922,165444
02/18/2014,H (Mar 14),14.65,14.95,14.40,14.44,14.45,-0.25,78515,2755,186406
02/19/2014,H (Mar 14),14.45,15.65,14.35,15.37,15.40,0.95,127042,330,177327
02/20/2014,H (Mar 14),15.40,15.70,14.90,14.91,14.95,-0.45,78162,0,175726
02/21/2014,H (Mar 14),14.95,15.20,14.65,15.14,15.15,0.20,73667,0,169477
02/24/2014,H (Mar 14),15.05,15.15,14.74,14.96,15.00,-0.15,57210,1787,168480
02/25/2014,H (Mar 14),14.97,15.30,14.80,14.87,14.90,-0.10,58450,950,165801
02/26/2014,H (Mar 14),14.90,15.42,14.70,15.27,15.30,0.40,77641,392,163827
02/27/2014,H (Mar 14),15.25,15.56,15.05,15.06,15.10,-0.20,67448,699,155954
02/28/2014,H (Mar 14),15.05,15.70,14.80,15.23,15.25,0.15,88720,2677,152185
03/03/2014,H (Mar 14),15.90,17.03,15.90,16.57,16.60,1.35,116949,0,140956
03/04/2014,H (Mar 14),16.55,16.55,15.00,15.08,15.10,-1.50,81113,455,139349
03/05/2014,H (Mar 14),15.10,15.40,14.95,15.13,15.15,0.05,61079,0,129192
03/06/2014,H (Mar 14),15.13,15.25,14.90,15.02,15.05,-0.10,45964,599,125995
03/07/2014,H (Mar 14),15.05,15.65,14.70,15.48,15.50,0.45,78296,0,118941
03/10/2014,H (Mar 14),15.60,15.95,15.15,15.27,15.30,-0.20,60520,0,107583
03/11/2014,H (Mar 14),15.30,15.55,14.84,15.52,15.55,0.25,68149,129,98243
03/12/2014,H (Mar 14),15.45,16.00,15.24,15.27,15.30,-0.25,57063,0,86879
03/13/2014,H (Mar 14),15.25,16.80,15.00,16.57,16.60,1.30,103026,0,68015
03/14/2014,H (Mar 14),16.55,18.00,16.45,17.67,17.70,1.10,115949,0,45590
03/17/2014,H (Mar 14),17.70,17.70,15.95,16.12,16.15,-1.55,65211,0,30198
03/18/2014,H (Mar 14),0.00,0.00,0.00,0.00,15.46,-0.69,0,0,22375
